Machine_ID,Temperature,Run_Time,Downtime_Flag
1,82.4,164,Yes
2,78.8,140,No
3,73.8,152,No
4,71.3,154,No
5,74.4,199,No
6,72.9,108,No
7,71.9,143,No
8,81.4,183,Yes
9,82.6,148,No
10,71.3,139,No
11,75.6,199,No
12,71.5,145,No
13,83.9,165,Yes
14,80.9,156,Yes
15,74.6,106,No
16,77.6,128,No
17,72.2,103,No
18,82.2,142,No
19,83.7,119,No
20,82.0,196,Yes
21,82.1,171,Yes
22,70.7,118,No
23,71.9,115,No
24,73.8,164,No
25,71.4,111,No
26,75.7,163,No
27,78.8,136,No
28,82.1,109,No
29,70.0,164,No
30,76.5,125,No
31,85.0,115,No
32,71.2,199,No
33,70.8,100,No
34,76.9,162,No
35,72.8,195,No
36,84.4,149,No
37,83.6,122,No
38,83.9,102,No
39,70.6,146,No
40,71.3,117,No
41,81.3,179,Yes
42,84.1,122,No
43,82.0,199,Yes
44,79.2,126,No
45,70.1,178,No
46,83.8,195,Yes
47,76.0,183,No
48,82.8,141,No
49,80.4,173,Yes
50,80.4,133,No
51,83.9,179,Yes
52,79.6,179,No
53,81.9,126,No
54,82.2,117,No
55,83.4,114,No
56,76.1,186,No
57,83.0,106,No
58,82.7,135,No
59,75.3,124,No
60,83.6,162,Yes
61,72.0,166,No
62,71.3,130,No
63,81.7,150,No
64,81.0,189,Yes
65,81.5,178,Yes
66,83.6,119,No
67,82.6,199,Yes
68,84.8,109,No
69,70.4,143,No
70,70.4,187,No
71,78.8,195,No
72,76.4,146,No
73,75.9,196,No
74,76.9,129,No
75,75.2,156,No
76,77.8,161,No
77,82.9,155,Yes
78,81.5,157,Yes
79,70.0,125,No
80,70.6,114,No
81,75.7,113,No
82,83.0,190,Yes
83,79.0,156,No
84,82.2,143,No
85,76.7,104,No
86,70.4,168,No
87,81.6,195,Yes
88,84.7,179,Yes
89,83.1,145,No
90,71.6,145,No
91,78.2,157,No
92,83.6,176,Yes
93,79.2,154,No
94,74.7,196,No
95,77.1,109,No
96,80.1,153,Yes
97,84.9,163,Yes
98,72.8,162,No
99,84.1,108,No
100,78.2,131,No
101,75.3,141,No
102,84.3,132,No
103,80.7,200,Yes
104,77.7,121,No
105,84.6,164,Yes
106,70.2,135,No
107,72.7,106,No
108,74.3,149,No
109,73.0,175,No
110,78.1,147,No
111,73.8,182,No
112,80.5,125,No
113,71.8,116,No
114,75.5,105,No
115,79.3,194,No
116,81.2,182,Yes
117,74.3,147,No
118,83.3,130,No
119,80.3,114,No
120,81.6,117,No
121,85.0,123,No
122,70.5,127,No
123,84.8,170,Yes
124,77.8,164,No
125,72.5,164,No
126,78.3,164,No
127,80.9,193,Yes
128,81.6,155,Yes
129,77.8,192,No
130,75.9,162,No
131,72.3,137,No
132,79.0,185,No
133,81.2,149,No
134,82.3,111,No
135,76.7,189,No
136,79.6,121,No
137,74.6,161,No
138,73.7,100,No
139,77.9,146,No
140,80.4,193,Yes
141,83.1,178,Yes
142,81.3,125,No
143,75.1,132,No
144,79.5,171,No
145,75.1,140,No
146,73.8,153,No
147,76.8,136,No
148,76.8,155,No
149,78.7,115,No
150,84.0,173,Yes
151,73.2,162,No
152,82.2,132,No
153,78.6,117,No
154,83.8,129,No
155,80.6,194,Yes
156,82.1,139,No
157,80.4,190,Yes
158,77.3,121,No
159,75.8,132,No
160,79.1,107,No
161,85.0,103,No
162,73.0,158,No
163,83.3,171,Yes
164,82.8,104,No
165,78.2,145,No
166,77.9,131,No
167,80.6,175,Yes
168,82.6,163,Yes
169,74.2,199,No
170,71.7,121,No
171,79.8,127,No
172,80.5,111,No
173,77.2,166,No
174,83.1,129,No
175,70.6,196,No
176,80.3,115,No
177,72.7,157,No
178,79.8,122,No
179,75.5,198,No
180,77.8,193,No
181,84.6,142,No
182,70.5,150,No
183,78.7,174,No
184,80.7,146,No
185,80.6,181,Yes
186,74.9,161,No
187,77.3,178,No
188,70.4,187,No
189,80.4,190,Yes
190,84.9,110,No
191,78.1,133,No
192,82.9,153,Yes
193,83.1,196,Yes
194,79.7,139,No
195,83.6,188,Yes
196,78.8,116,No
197,73.0,151,No
198,71.8,149,No
199,72.6,142,No
200,81.5,110,No
201,84.9,103,No
202,76.4,196,No
203,79.0,117,No
204,76.5,190,No
205,76.5,150,No
206,72.0,119,No
207,77.9,169,No
208,72.5,178,No
209,81.7,171,Yes
210,80.6,138,No
211,81.3,187,Yes
212,84.2,124,No
213,80.9,184,Yes
214,75.2,169,No
215,71.8,121,No
216,71.1,110,No
217,80.6,117,No
218,78.5,187,No
219,72.1,165,No
220,73.6,179,No
221,74.7,145,No
222,71.8,176,No
223,82.5,102,No
224,72.4,135,No
225,83.7,160,Yes
226,78.1,147,No
227,71.7,181,No
228,73.5,137,No
229,71.9,144,No
230,77.8,107,No
231,82.8,113,No
232,83.7,162,Yes
233,72.8,166,No
234,77.2,138,No
235,78.9,195,No
236,78.4,140,No
237,80.9,192,Yes
238,74.5,115,No
239,71.8,174,No
240,76.8,159,No
241,71.8,137,No
242,80.8,113,No
243,77.3,179,No
244,79.4,111,No
245,72.2,107,No
246,75.6,104,No
247,70.0,107,No
248,83.6,187,Yes
249,76.0,119,No
250,82.2,165,Yes
251,82.6,155,Yes
252,73.6,163,No
253,78.4,102,No
254,77.5,198,No
255,84.6,164,Yes
256,72.0,159,No
257,72.1,153,No
258,82.7,161,Yes
259,73.5,108,No
260,78.2,114,No
261,80.9,109,No
262,84.5,195,Yes
263,73.3,157,No
264,77.7,117,No
265,83.1,136,No
266,75.1,140,No
267,80.0,120,No
268,80.0,111,No
269,71.0,187,No
270,83.6,158,Yes
271,84.6,120,No
272,78.8,139,No
273,73.1,165,No
274,78.8,100,No
275,82.8,132,No
276,82.7,121,No
277,76.0,180,No
278,83.7,183,Yes
279,76.6,183,No
280,70.6,157,No
281,80.1,100,No
282,71.8,140,No
283,79.8,137,No
284,74.4,166,No
285,77.1,133,No
286,76.4,172,No
287,80.9,199,Yes
288,78.3,186,No
289,74.7,104,No
290,73.0,144,No
291,73.8,164,No
292,82.1,155,Yes
293,77.4,111,No
294,72.3,115,No
295,83.5,123,No
296,74.5,127,No
297,77.7,158,No
298,83.2,116,No
299,81.3,117,No
300,81.9,168,Yes
301,77.0,137,No
302,73.7,165,No
303,76.7,171,No
304,79.2,103,No
305,80.8,141,No
306,75.1,117,No
307,72.0,151,No
308,73.2,132,No
309,70.2,160,No
310,83.1,133,No
311,84.6,134,No
312,80.4,183,Yes
313,83.4,174,Yes
314,82.3,138,No
315,74.5,135,No
316,81.5,139,No
317,71.1,136,No
318,81.3,109,No
319,72.5,121,No
320,78.4,126,No
321,71.7,188,No
322,75.6,145,No
323,73.2,185,No
324,79.8,139,No
325,84.1,183,Yes
326,82.8,130,No
327,74.5,146,No
328,78.5,144,No
329,84.3,103,No
330,74.4,102,No
331,82.0,137,No
332,79.6,145,No
333,77.6,145,No
334,76.0,177,No
335,80.6,131,No
336,78.7,192,No
337,77.5,134,No
338,82.2,123,No
339,81.6,132,No
340,82.9,134,No
341,82.9,131,No
342,82.1,153,Yes
343,75.3,158,No
344,79.4,154,No
345,72.3,130,No
346,70.1,155,No
347,72.5,163,No
348,77.7,103,No
349,74.6,100,No
350,82.3,124,No
351,84.0,185,Yes
352,82.0,182,Yes
353,82.9,143,No
354,75.9,196,No
355,83.1,156,Yes
356,73.4,152,No
357,83.9,187,Yes
358,72.6,131,No
359,71.2,145,No
360,83.2,113,No
361,71.6,188,No
362,76.9,145,No
363,70.4,130,No
364,83.6,131,No
365,83.2,140,No
366,71.8,197,No
367,78.9,154,No
368,73.9,141,No
369,79.6,143,No
370,74.1,184,No
371,81.8,166,Yes
372,77.4,178,No
373,81.2,129,No
374,81.7,128,No
375,83.6,187,Yes
376,72.4,179,No
377,78.4,151,No
378,76.3,105,No
379,74.9,196,No
380,82.7,107,No
381,71.9,185,No
382,74.3,185,No
383,76.4,185,No
384,77.1,122,No
385,77.7,196,No
386,77.7,174,No
387,83.5,168,Yes
388,84.3,122,No
389,75.5,142,No
390,75.0,139,No
391,73.6,193,No
392,72.9,113,No
393,76.7,179,No
394,76.8,156,No
395,75.2,196,No
396,78.8,161,No
397,76.8,192,No
398,73.7,195,No
399,82.9,129,No
400,73.4,107,No
401,83.0,142,No
402,82.2,124,No
403,82.3,177,Yes
404,76.5,138,No
405,70.7,103,No
406,79.5,156,No
407,82.6,178,Yes
408,83.2,108,No
409,83.9,156,Yes
410,74.8,119,No
411,79.8,172,No
412,84.2,186,Yes
413,82.5,140,No
414,82.2,141,No
415,78.0,190,No
416,81.1,132,No
417,79.4,170,No
418,83.5,129,No
419,75.2,126,No
420,80.0,162,No
421,73.8,117,No
422,73.0,155,No
423,76.9,182,No
424,76.3,178,No
425,77.2,165,No
426,83.8,180,Yes
427,83.4,180,Yes
428,73.2,186,No
429,74.1,121,No
430,76.2,183,No
431,77.4,174,No
432,77.6,100,No
433,73.7,166,No
434,74.4,138,No
435,75.9,132,No
436,75.8,135,No
437,81.3,138,No
438,83.4,139,No
439,70.2,181,No
440,83.6,188,Yes
441,77.2,108,No
442,77.6,137,No
443,83.2,187,Yes
444,70.3,107,No
445,73.0,167,No
446,73.3,165,No
447,80.2,193,Yes
448,70.5,158,No
449,84.6,101,No
450,83.8,124,No
451,78.3,121,No
452,76.9,148,No
453,83.1,107,No
454,84.2,158,Yes
455,78.3,187,No
456,72.3,191,No
457,81.8,112,No
458,77.1,170,No
459,71.6,186,No
460,83.0,134,No
461,74.0,197,No
462,79.0,118,No
463,75.2,123,No
464,84.5,154,Yes
465,71.8,146,No
466,81.8,158,Yes
467,83.8,136,No
468,78.4,137,No
469,71.5,136,No
470,73.8,169,No
471,70.0,176,No
472,78.0,112,No
473,73.4,127,No
474,83.2,107,No
475,82.2,180,Yes
476,84.9,153,Yes
477,71.7,167,No
478,77.5,102,No
479,71.1,195,No
480,77.0,167,No
481,71.7,102,No
482,74.0,112,No
483,79.2,181,No
484,79.4,132,No
485,78.1,189,No
486,84.2,168,Yes
487,82.5,148,No
488,76.3,174,No
489,71.2,158,No
490,80.7,194,Yes
491,71.3,176,No
492,74.9,149,No
493,74.0,168,No
494,75.7,100,No
495,77.6,124,No
496,74.4,149,No
497,74.5,145,No
498,84.8,161,Yes
499,74.2,127,No
500,83.9,119,No
501,78.8,197,No
502,76.9,165,No
503,75.9,164,No
504,83.2,105,No
505,72.2,157,No
506,81.3,105,No
507,79.9,109,No
508,78.5,197,No
509,77.1,141,No
510,84.3,119,No
511,77.2,113,No
512,74.5,156,No
513,82.2,111,No
514,71.6,186,No
515,78.9,133,No
516,83.0,168,Yes
517,79.4,164,No
518,75.1,102,No
519,70.4,153,No
520,75.5,111,No
521,77.2,109,No
522,79.8,108,No
523,81.5,199,Yes
524,81.3,159,Yes
525,72.0,140,No
526,71.8,106,No
527,79.9,118,No
528,71.1,145,No
529,78.2,102,No
530,81.9,149,No
531,73.5,182,No
532,81.7,105,No
533,73.9,189,No
534,71.6,177,No
535,70.1,103,No
536,80.1,131,No
537,76.3,177,No
538,73.8,124,No
539,78.2,170,No
540,72.4,141,No
541,75.3,151,No
542,81.3,107,No
543,70.4,121,No
544,84.3,161,Yes
545,82.0,200,Yes
546,74.3,199,No
547,83.2,148,No
548,77.3,143,No
549,70.3,129,No
550,83.6,192,Yes
551,81.6,121,No
552,78.1,132,No
553,72.9,111,No
554,80.9,102,No
555,83.4,198,Yes
556,77.6,196,No
557,71.0,176,No
558,78.8,170,No
559,81.7,152,Yes
560,72.6,185,No
561,72.0,149,No
562,83.7,181,Yes
563,82.7,148,No
564,79.9,111,No
565,77.5,160,No
566,70.1,144,No
567,74.4,152,No
568,83.5,141,No
569,76.2,115,No
570,83.5,140,No
571,70.7,114,No
572,76.0,113,No
573,71.0,136,No
574,76.4,183,No
575,80.6,200,Yes
576,84.8,135,No
577,77.6,108,No
578,72.3,197,No
579,74.7,180,No
580,84.3,138,No
581,82.0,140,No
582,78.1,172,No
583,71.3,104,No
584,81.9,164,Yes
585,83.8,156,Yes
586,75.5,152,No
587,84.5,152,Yes
588,75.0,188,No
589,74.3,191,No
590,77.8,130,No
591,75.0,119,No
592,73.3,164,No
593,84.5,187,Yes
594,77.5,106,No
595,82.1,165,Yes
596,75.2,163,No
597,73.7,137,No
598,79.2,147,No
599,75.3,154,No
600,74.3,122,No
601,79.4,113,No
602,81.2,161,Yes
603,83.0,144,No
604,71.3,175,No
605,84.8,161,Yes
606,76.2,144,No
607,82.6,170,Yes
608,83.4,180,Yes
609,72.7,148,No
610,84.9,105,No
611,82.6,123,No
612,77.0,131,No
613,82.2,199,Yes
614,71.3,167,No
615,76.4,190,No
616,81.6,139,No
617,82.7,120,No
618,77.3,142,No
619,70.7,163,No
620,82.3,163,Yes
621,78.9,169,No
622,75.9,136,No
623,73.4,188,No
624,74.9,200,No
625,80.7,111,No
626,78.3,190,No
627,80.9,179,Yes
628,71.4,120,No
629,72.4,198,No
630,72.5,198,No
631,74.4,136,No
632,73.6,106,No
633,77.3,200,No
634,84.5,141,No
635,72.0,104,No
636,72.2,122,No
637,73.2,116,No
638,84.3,127,No
639,77.8,130,No
640,80.3,114,No
641,71.6,173,No
642,79.8,195,No
643,73.6,187,No
644,76.7,186,No
645,78.4,135,No
646,71.5,108,No
647,77.9,180,No
648,81.4,182,Yes
649,72.6,112,No
650,71.0,123,No
651,73.9,152,No
652,79.8,151,No
653,78.4,139,No
654,78.6,192,No
655,75.9,174,No
656,84.4,127,No
657,80.2,193,Yes
658,71.5,191,No
659,73.6,192,No
660,72.6,139,No
661,84.6,126,No
662,84.0,122,No
663,74.4,114,No
664,72.4,178,No
665,80.0,156,No
666,83.2,158,Yes
667,82.0,152,Yes
668,77.1,106,No
669,80.3,120,No
670,70.4,163,No
671,84.0,116,No
672,83.3,177,Yes
673,80.2,149,No
674,74.2,126,No
675,83.8,130,No
676,73.6,165,No
677,75.0,122,No
678,82.9,131,No
679,71.4,162,No
680,70.9,132,No
681,78.3,156,No
682,85.0,194,Yes
683,84.0,136,No
684,71.8,162,No
685,82.6,123,No
686,81.5,121,No
687,74.0,180,No
688,81.4,180,Yes
689,80.2,126,No
690,79.1,161,No
691,78.4,117,No
692,72.3,191,No
693,85.0,174,Yes
694,78.0,119,No
695,77.1,162,No
696,83.4,129,No
697,73.7,142,No
698,76.0,161,No
699,75.0,144,No
700,81.5,145,No
701,71.4,182,No
702,73.3,130,No
703,84.3,116,No
704,72.2,138,No
705,75.8,199,No
706,77.3,191,No
707,82.9,141,No
708,75.4,138,No
709,82.4,179,Yes
710,75.2,156,No
711,82.5,143,No
712,77.1,195,No
713,83.9,157,Yes
714,78.0,151,No
715,77.4,171,No
716,83.8,157,Yes
717,81.5,112,No
718,70.8,132,No
719,70.9,105,No
720,81.1,168,Yes
721,81.4,117,No
722,82.5,140,No
723,73.9,132,No
724,78.8,155,No
725,72.2,184,No
726,74.9,136,No
727,78.1,129,No
728,76.8,197,No
729,79.4,137,No
730,81.3,161,Yes
731,80.4,180,Yes
732,72.5,198,No
733,79.8,101,No
734,80.9,129,No
735,73.9,148,No
736,74.3,146,No
737,83.9,103,No
738,70.6,163,No
739,72.6,130,No
740,77.5,155,No
741,79.3,112,No
742,77.6,160,No
743,77.0,114,No
744,72.7,127,No
745,78.3,163,No
746,81.4,122,No
747,70.2,186,No
748,77.7,199,No
749,75.9,126,No
750,74.6,177,No
751,76.7,127,No
752,82.8,158,Yes
753,80.9,122,No
754,83.7,179,Yes
755,76.4,122,No
756,82.7,141,No
757,82.2,122,No
758,81.3,142,No
759,72.0,161,No
760,73.5,104,No
761,71.5,154,No
762,82.0,134,No
763,76.9,148,No
764,72.6,143,No
765,82.3,124,No
766,78.7,150,No
767,79.8,149,No
768,84.7,137,No
769,82.9,152,Yes
770,78.7,147,No
771,79.4,146,No
772,83.1,144,No
773,75.5,198,No
774,78.9,148,No
775,73.2,146,No
776,76.8,200,No
777,84.8,118,No
778,71.9,110,No
779,83.7,101,No
780,76.7,170,No
781,80.4,198,Yes
782,78.8,199,No
783,72.1,169,No
784,76.1,125,No
785,70.7,126,No
786,81.3,190,Yes
787,71.1,131,No
788,81.7,160,Yes
789,79.8,169,No
790,70.5,146,No
791,81.1,181,Yes
792,79.3,151,No
793,79.9,128,No
794,78.7,118,No
795,82.1,132,No
796,81.3,139,No
797,78.0,134,No
798,80.7,196,Yes
799,74.7,153,No
800,81.7,130,No
801,80.8,113,No
802,81.5,127,No
803,83.6,141,No
804,79.8,148,No
805,72.1,162,No
806,72.0,161,No
807,78.9,119,No
808,81.5,140,No
809,71.2,100,No
810,82.9,113,No
811,82.3,171,Yes
812,79.3,130,No
813,79.3,105,No
814,80.2,172,Yes
815,73.2,109,No
816,80.5,150,No
817,80.9,147,No
818,82.9,141,No
819,74.1,165,No
820,72.2,196,No
821,74.7,131,No
822,76.7,146,No
823,71.6,170,No
824,82.8,135,No
825,82.2,150,No
826,74.3,163,No
827,80.5,159,Yes
828,70.6,103,No
829,73.1,132,No
830,72.4,133,No
831,78.6,152,No
832,76.3,115,No
833,75.1,187,No
834,84.3,108,No
835,73.8,146,No
836,78.8,107,No
837,75.9,189,No
838,73.5,146,No
839,84.3,130,No
840,73.8,164,No
841,72.3,195,No
842,81.8,128,No
843,75.0,132,No
844,80.9,198,Yes
845,76.9,187,No
846,72.8,194,No
847,77.6,117,No
848,76.9,127,No
849,74.0,194,No
850,72.3,138,No
851,79.3,181,No
852,84.2,146,No
853,84.3,167,Yes
854,70.6,189,No
855,71.3,118,No
856,79.8,143,No
857,77.1,174,No
858,72.3,139,No
859,80.0,198,No
860,80.9,170,Yes
861,84.9,158,Yes
862,81.1,180,Yes
863,71.2,190,No
864,81.5,163,Yes
865,78.7,197,No
866,70.5,124,No
867,80.7,133,No
868,71.1,176,No
869,81.2,115,No
870,77.2,129,No
871,82.9,155,Yes
872,80.7,169,Yes
873,73.4,193,No
874,79.0,163,No
875,72.6,114,No
876,84.2,110,No
877,73.8,103,No
878,77.3,177,No
879,82.8,136,No
880,70.4,128,No
881,81.8,170,Yes
882,82.3,163,Yes
883,74.6,165,No
884,74.4,116,No
885,71.4,108,No
886,82.0,185,Yes
887,73.9,146,No
888,70.7,159,No
889,72.2,172,No
890,79.9,191,No
891,74.0,149,No
892,83.1,122,No
893,73.4,166,No
894,81.0,169,Yes
895,76.8,163,No
896,71.4,103,No
897,75.1,171,No
898,75.6,102,No
899,80.3,139,No
900,83.9,162,Yes
901,81.3,109,No
902,75.6,150,No
903,80.7,134,No
904,78.3,146,No
905,80.5,125,No
906,82.9,176,Yes
907,76.8,192,No
908,76.4,111,No
909,74.4,105,No
910,79.5,133,No
911,70.1,126,No
912,72.2,177,No
913,79.5,161,No
914,80.8,174,Yes
915,83.3,103,No
916,71.1,132,No
917,71.1,134,No
918,78.1,118,No
919,83.2,199,Yes
920,84.4,168,Yes
921,71.4,194,No
922,79.5,112,No
923,75.7,174,No
924,75.5,109,No
925,72.5,173,No
926,70.3,187,No
927,83.0,188,Yes
928,81.6,135,No
929,77.7,148,No
930,84.5,118,No
931,82.4,162,Yes
932,79.8,117,No
933,80.9,150,No
934,70.3,107,No
935,79.8,188,No
936,82.9,163,Yes
937,70.7,141,No
938,74.6,170,No
939,78.8,128,No
940,74.2,155,No
941,72.9,116,No
942,72.3,194,No
943,78.7,195,No
944,73.9,147,No
945,81.9,117,No
946,75.3,164,No
947,71.1,158,No
948,84.1,147,No
949,84.7,131,No
950,71.0,122,No
951,70.4,104,No
952,82.0,192,Yes
953,82.4,182,Yes
954,82.7,148,No
955,78.1,125,No
956,75.5,114,No
957,71.2,191,No
958,83.8,138,No
959,80.8,170,Yes
960,84.2,180,Yes
961,76.4,172,No
962,83.4,143,No
963,77.1,113,No
964,81.9,125,No
965,76.5,172,No
966,74.0,144,No
967,83.6,162,Yes
968,72.4,161,No
969,73.0,138,No
970,79.0,150,No
971,78.9,115,No
972,78.6,121,No
973,71.1,192,No
974,83.8,129,No
975,70.1,105,No
976,70.6,135,No
977,71.4,160,No
978,70.0,144,No
979,74.5,129,No
980,77.8,162,No
981,76.8,103,No
982,74.6,169,No
983,78.9,119,No
984,81.9,176,Yes
985,82.4,151,Yes
986,83.7,128,No
987,82.8,163,Yes
988,72.9,135,No
989,75.6,143,No
990,81.9,119,No
991,78.9,174,No
992,84.7,168,Yes
993,74.1,130,No
994,73.1,197,No
995,73.7,161,No
996,75.8,103,No
997,73.7,118,No
998,80.1,139,No
999,77.0,119,No
1000,74.2,103,No
